19000
32000
33000
35000
43000
48000
49000
66000
70000
74000
80000
84000
103000
115000
119000
124000
128000
140000
145000
166000
173000
200000
209000
215000
226000
234000
253000
260000
271000
278000
281000
326000
337000
354000
357000
363000
375000
384000
394000
401000
407000
424000
431000
436000
446000
447000
466000
472000
473000
475000
490000
499000
507000
512000
515000
517000
526000
543000
557000
558000
567000
570000
585000
586000
588000
589000
600000
607000
634000
635000
638000
652000
656000
658000
668000
728000
734000
748000
762000
763000
767000
777000
783000
787000
788000
793000
795000
805000
808000
828000
830000
849000
854000
864000
875000
876000
882000
915000
925000
955000
964000
979000
986000
987000
1013000
1019000
1028000
1032000
1058000
1077000
1099000
1115000
1119000
1136000
1142000
1143000
1155000
1162000
1164000
1165000
1171000
1175000
1191000
1203000
1211000
1215000
1233000
1242000
1246000
1253000
1262000
1300000
1318000
1322000
1328000
1332000
1335000
1345000
1347000
1359000
1370000
1372000
1373000
1381000
1385000
1393000
1406000
1411000
1422000
1441000
1444000
1448000
1451000
1465000
1471000
1483000
1488000
1505000
1518000
1526000
1530000
1540000
1548000
1549000
1562000
1575000
1583000
1598000
1602000
1605000
1612000
1625000
1630000
1658000
1663000
1675000
1690000
1724000
1726000
1746000
1751000
1767000
1768000
1774000
1776000
1782000
1801000
1802000
1803000
1811000
1818000
1833000
1853000
1864000
1866000
1869000
1877000
1879000
1895000
1896000
1901000
1913000
1926000
1929000
1941000
1942000
1955000
1960000
1972000
1982000
1983000
1987000
2021000
2026000
2028000
2029000
2036000
2043000
2054000
2056000
2060000
2092000
2101000
2124000
2141000
2148000
2154000
2163000
2164000
2179000
2181000
2184000
2208000
2211000
2213000
2218000
2220000
2231000
2232000
2236000
2239000
2245000
2283000
2293000
2300000
2343000
2347000
2348000
2363000
2376000
2381000
2386000
2391000
2400000
2409000
2410000
2422000
2437000
2442000
2454000
2457000
2464000
2476000
2490000
2495000
2497000
2502000
2520000
2526000
2542000
2545000
2562000
2563000
2574000
2575000
2583000
2588000
2589000
2591000
2592000
2596000
2598000
2632000
2633000
2641000
2674000
2682000
2684000
2720000
2729000
2730000
2731000
2734000
2737000
2753000
2757000
2793000
2818000
2820000
2821000
2842000
2846000
2861000
2863000
2875000
2877000
2892000
2898000
2900000
2909000
2913000
2923000
2924000
2925000
2926000
2932000
2938000
2963000
2969000
2977000
2979000
2984000
2994000
2999000
3019000
3024000
3033000
3037000
3043000
3044000
3056000
3063000
3073000
3086000
3092000
3120000
3128000
3130000
3177000
3178000
3201000
3205000
3219000
3228000
3241000
3254000
3261000
3275000
3286000
3304000
3305000
3310000
3332000
3333000
3342000
3368000
3389000
3394000
3403000
3424000
3450000
3456000
3485000
3491000
3495000
3503000
3514000
3516000
3549000
3553000
3558000
3570000
3604000
3610000
3617000
3631000
3649000
3651000
3654000
3655000
3657000
3661000
3684000
3685000
3686000
3691000
3693000
3706000
3715000
3731000
3732000
3741000
3754000
3760000
3796000
3799000
3810000
3816000
3830000
3850000
3864000
3889000
3900000
3907000
3925000
3928000
3937000
3945000
3947000
3976000
4025000
4050000
4065000
4066000
4074000
4077000
4084000
4085000
4095000
4097000
4133000
4134000
4136000
4137000
4165000
4169000
4194000
4202000
4208000
4209000
4230000
4241000
4245000
4255000
4261000
4287000
4291000
4297000
4307000
4317000
4351000
4355000
4363000
4371000
4380000
4385000
4409000
4412000
4413000
4414000
4448000
4452000
4459000
4465000
4467000
4479000
4480000
4484000
4485000
4502000
4509000
4525000
4531000
4534000
4545000
4555000
4573000
4592000
4594000
4597000
4600000
4608000
4624000
4647000
4649000
4661000
4681000
4682000
4694000
4703000
4706000
4727000
4733000
4748000
4754000
4755000
4757000
4785000
4803000
4830000
4833000
4851000
4852000
4863000
4868000
4871000
4874000
4890000
4907000
4927000
4933000
4934000
4950000
4960000
4961000
4966000
4975000
4980000
4990000
4991000
4996000
5000000
5030000
5044000
5048000
5063000
5073000
5077000
5078000
5082000
5089000
5097000
5100000
5101000
5104000
5110000
5113000
5135000
5154000
5183000
5197000
5204000
5231000
5232000
5246000
5276000
5289000
5305000
5308000
5311000
5318000
5324000
5328000
5330000
5337000
5359000
5386000
5387000
5388000
5429000
5430000
5438000
5439000
5440000
5457000
5463000
5469000
5482000
5492000
5508000
5510000
5517000
5521000
5533000
5540000
5550000
5552000
5562000
5572000
5604000
5608000
5615000
5637000
5647000
5662000
5676000
5678000
5694000
5708000
5730000
5739000
5743000
5749000
5752000
5754000
5760000
5761000
5762000
5771000
5776000
5789000
5815000
5835000
5841000
5849000
5873000
5876000
5887000
5896000
5903000
5918000
5936000
5941000
5964000
5970000
5990000
6016000
6040000
6068000
6094000
6096000
6098000
6105000
6106000
6110000
6115000
6116000
6123000
6126000
6136000
6138000
6160000
6170000
6171000
6180000
6192000
6214000
6227000
6241000
6244000
6277000
6285000
6286000
6294000
6312000
6316000
6317000
6319000
6333000
6358000
6369000
6370000
6379000
6382000
6383000
6386000
6390000
6394000
6405000
6412000
6415000
6420000
6423000
6425000
6447000
6464000
6470000
6487000
6509000
6516000
6531000
6568000
6582000
6605000
6611000
6630000
6632000
6638000
6644000
6658000
6668000
6670000
6687000
6705000
6706000
6725000
6731000
6732000
6749000
6755000
6758000
6762000
6763000
6767000
6769000
6782000
6785000
6796000
6800000
6804000
6807000
6818000
6827000
6834000
6887000
6893000
6895000
6923000
6927000
6930000
6937000
6941000
6943000
6949000
6953000
6954000
6960000
6972000
6977000
6979000
6983000
7001000
7018000
7019000
7040000
7057000
7110000
7113000
7117000
7120000
7122000
7123000
7137000
7175000
7188000
7189000
7196000
7202000
7209000
7211000
7272000
7277000
7279000
7280000
7295000
7301000
7332000
7344000
7375000
7386000
7387000
7393000
7397000
7415000
7438000
7444000
7476000
7506000
7519000
7549000
7551000
7583000
7589000
7604000
7606000
7620000
7623000
7646000
7651000
7715000
7720000
7722000
7729000
7731000
7751000
7752000
7761000
7789000
7802000
7813000
7814000
7816000
7839000
7888000
7901000
7903000
7912000
7913000
7925000
7945000
7953000
7955000
7956000
7957000
7962000
7977000
7982000
7983000
8010000
8017000
8038000
8042000
8044000
8045000
8055000
8062000
8063000
8078000
8080000
8091000
8100000
8103000
8104000
8105000
8108000
8111000
8122000
8133000
8138000
8147000
8166000
8185000
8191000
8193000
8197000
8202000
8206000
8213000
8214000
8231000
8236000
8237000
8239000
8247000
8250000
8251000
8288000
8316000
8329000
8338000
8368000
8383000
8391000
8408000
8413000
8423000
8435000
8436000
8444000
8463000
8486000
8487000
8490000
8493000
8508000
8514000
8521000
8522000
8526000
8561000
8565000
8571000
8578000
8579000
8593000
8594000
8601000
8607000
8608000
8614000
8615000
8624000
8635000
8644000
8645000
8679000
8680000
8706000
8713000
8720000
8741000
8753000
8780000
8799000
8801000
8823000
8830000
8853000
8857000
8866000
8868000
8895000
8919000
8922000
8927000
8928000
8929000
8933000
8942000
8956000
8961000
8963000
8969000
8976000
8978000
8980000
8988000
8994000
8995000
9000000
9009000
9011000
9033000
9056000
9059000
9082000
9087000
9102000
9105000
9126000
9164000
9196000
9203000
9205000
9210000
9217000
9231000
9232000
9238000
9269000
9272000
9292000
9307000
9320000
9333000
9337000
9338000
9339000
9352000
9353000
9366000
9369000
9370000
9371000
9381000
9383000
9405000
9406000
9410000
9424000
9431000
9434000
9440000
9441000
9453000
9456000
9468000
9471000
9477000
9492000
9494000
9498000
9508000
9520000
9522000
9524000
9533000
9536000
9539000
9551000
9554000
9569000
9596000
9598000
9599000
9613000
9632000
9638000
9663000
9693000
9694000
9704000
9706000
9739000
9744000
9772000
9779000
9786000
9789000
9794000
9796000
9798000
9806000
9807000
9811000
9814000
9822000
9829000
9841000
9848000
9856000
9870000
9878000
9888000
9897000
9942000
9973000
9977000
9979000
9989000
