600
2900
3100
3800
4600
5400
5900
6000
7100
9600
11000
12100
14200
16400
16600
16800
17200
17600
18400
20500
21100
21600
22100
22600
24000
24600
25200
25500
25800
29000
30600
31400
31600
32500
33000
33800
34700
35300
35600
36600
38700
38900
39800
40400
41000
41300
41800
42800
44400
45300
45500
48600
51800
52300
53000
55000
55100
55600
55800
58100
59400
59800
61300
64800
65900
68900
69500
69700
70400
70800
72700
72800
73400
73800
74400
76400
76900
78900
80100
80600
86200
86900
87200
87600
88100
89400
90500
91500
92100
92500
93300
93400
93900
95700
96200
96600
96700
97100
97300
99100
